0.3298633
0.3299768
0.1762065
0.2944587
0.2487430
0.2473754
0.2300468
0.2485113
0.3183131
0.2721338
0.2477351
0.3605731
0.2786421
0.2479779
0.2693181
0.2555385
0.3424469
0.3261801
0.2999194
0.2867826
0.2888410
0.2798845
0.3625091
0.3029626
0.2979710
0.2307402
0.3183539
0.2283126
0.2147994
0.2903497
0.4027126
0.2765173
0.2858132
0.3789187
0.2095081
0.2703207
0.3514519
0.3328665
0.2088605
0.3723465
0.2683411
0.3544790
0.3363573
0.3551583
0.4144042
0.2533858
0.4196205
0.2656417
0.3023620
0.2747623
0.2990805
0.2382689
0.2408357
0.1889123
0.2519750
0.2806025
0.3054755
0.2509933
0.3165862
0.3125261
0.2912459
0.2654893
0.3968853
0.3711857
0.3289362
0.2411072
0.2740164
0.1730590
0.2933183
0.3398789
0.3532576
0.2658662
0.3183835
0.3203860
0.2536668
0.2809157
0.2997623
0.3307932
0.2333242
0.3855517
0.2890593
0.2305312
0.3060699
0.3746680
0.2839204
0.3464160
0.3019809
0.2773509
0.3896689
0.3078225
0.2070529
0.3070245
0.1866608
0.2451582
0.2724151
0.2537586
0.2922744
0.3023464
0.2672411
0.2599370
0.3386399
0.2760299
0.2379528
0.2243426
0.3064309
0.3240255
0.2585568
0.3168649
0.2278097
0.2952096
0.3258173
0.3299409
0.2629430
0.2983300
0.2469744
0.3376943
0.2999373
0.2552833
0.2840482
0.2936282
0.3161619
0.2701114
0.2516823
0.1788539
0.2693662
0.2279264
0.3687174
0.3526464
0.3029645
0.2189771
0.1928139
0.3678687
0.2457832
0.2776366
0.1966318
0.3190310
0.2545415
0.2864003
0.3037076
0.3052864
0.2875619
0.3811687
0.3494951
0.3514266
0.2542375
0.3710757
0.3355273
0.3613461
0.4072051
0.3593271
0.3183764
0.3304452
0.3540689
0.3752497
0.2803034
0.3083392
0.2606794
0.2595449
0.2938926
0.3592488
0.2667539
0.2365471
0.2289602
0.2321186
0.2558002
0.2657823
0.3693995
0.3354857
0.2977040
0.3029760
0.3700893
0.2624462
0.2648896
0.3425102
0.3233290
0.2768160
0.2370461
0.3074625
0.2489316
0.2449261
0.3597310
0.2634761
0.3094404
0.3016122
0.2639955
0.2312961
0.3090567
0.2628875
0.3123853
0.2984289
0.3827306
0.3319774
0.2418640
0.2294058
0.2000950
0.3130874
0.2737377
0.3900053
0.2744141
0.2581240
0.2905957
0.3343778
0.3225109
0.2584304
0.2900841
0.1810689
0.1955127
0.3146823
0.2795224
0.2838064
0.3292244
0.2685248
0.2934964
0.2331110
0.3117938
0.3834041
0.3581516
0.3152631
0.2770127
0.2975269
0.1697816
0.2855445
0.2576248
0.3334010
0.3897336
0.2417399
0.2512902
0.3232955
0.3503684
0.2300428
0.2421618
0.3593750
0.3415803
0.3046771
0.3169567
0.3089134
0.2967485
0.2976924
0.2726279
0.3617619
0.3349759
0.3094383
0.3241844
0.3061309
0.3681422
0.3294137
0.3027420
0.3165526
0.3042612
0.2974010
0.2393991
0.3018776
0.2012761
0.2224093
0.2624466
0.1813363
0.2994944
0.2121019
0.3822053
0.2775735
0.2831619
0.3399929
0.2755257
0.3029622
0.2885930
0.2707629
0.2582962
0.3309716
0.3667200
0.2934238
0.2373202
0.2296228
0.3288812
0.3813094
0.2772708
0.3298622
0.3344232
0.2699195
0.3682852
0.3083392
0.1917087
0.3427534
0.3097366
0.3227076
0.3025219
0.2732267
0.2675484
0.2855913
0.2788040
0.2844289
0.3714591
0.2688665
0.2630237
0.2663253
0.3053353
0.2111143
0.3111895
0.2739555
0.3111307
0.3559455
0.3799482
0.3083881
0.3231378
0.3381562
0.3289257
0.3131214
0.3230290
0.2704475
0.3371035
0.3367035
0.2450221
0.2598343
0.3123964
0.3040153
0.3043051
0.2967685
0.2437894
0.2852535
0.2875859
0.2257913
0.2618498
0.2432065
0.3697414
0.3067071
0.3037739
0.3211563
0.2622687
0.3159186
0.2390931
0.2820617
0.2966437
0.2918169
0.2967305
0.2969951
0.2618498
0.2620559
0.3763901
0.3803895
0.3367192
0.3032247
0.2703559
0.3720920
0.3300383
0.2962344
0.2329303
0.2318374
0.3316619
0.2601657
0.2968724
0.2212778
0.2175470
0.2390622
0.2780504
0.3401186
0.2805644
0.2853417
0.2776783
0.2681461
0.2624462
0.2105512
0.2381111
0.3245606
0.2527311
0.2729046
0.3891976
0.3009676
0.3757642
0.3383188
0.3372848
0.3351085
0.2612010
0.2443679
0.2905534
0.2991281
0.3147448
0.3138373
0.3389656
0.3400271
0.3189452
0.3290902
0.2947078
0.2379229
0.2914202
0.2383882
0.1980463
0.2823880
0.3580563
0.3587672
0.2826797
0.2875061
0.2384751
0.2963207
0.3197981
0.2969671
0.3871566
0.3907938
0.2768742
0.2427106
0.3665065
0.3627729
0.3162280
0.2752049
0.3019846
0.3428637
0.2128239
0.4109005
0.3430827
0.2491218
0.3064340
0.2968729
0.2627481
0.2857960
0.3199268
0.2680799
0.2804698
0.3522667
0.3390142
0.3707985
0.3444700
0.2944147
0.3541182
0.3653351
0.2384998
0.3431115
0.3526163
0.3780118
0.1714086
0.2958716
0.2477331
0.3470675
0.3462026
0.3194372
0.2406115
0.3907209
0.3420297
0.3639580
0.3367751
0.2438316
0.3455681
0.3208402
0.3665065
0.2407117
0.3278876
0.3693780
0.2643920
0.3450454
0.3064260
0.3709366
0.3224827
0.2756021
0.3124828
0.2835154
0.3493844
0.3132129
0.2866268
0.3588633
0.2834408
0.3896689
0.2775484
0.3686105
0.2280666
0.3528900
0.3178619
0.2722972
0.3405086
0.3684288
0.3041715
0.2425417
0.4153114
0.2547297
0.3347048
0.2839204
0.4202681
0.3187050
0.3538567
0.3257599
0.3518024
0.2203025
0.2974718
0.3114426
0.2828560
0.3300538
0.3152631
0.3187616
0.1921537
0.3960757
0.3068204
0.4045315
0.3519731
0.3071011
0.3170536
0.2586389
0.3484845
0.2840561
0.3641874
0.2749295
0.3451257
0.3061966
0.2801621
0.2785598
0.2757481
0.3751035
0.1813208
0.3331079
0.3364140
0.2580697
0.3032452
0.3011952
0.3826683
0.2357912
0.2780897
0.3603137
0.2934522
0.3269396
0.3057228
0.2939489
0.2399887
0.3011201
0.2872449
0.3245942
0.2792218
0.2514350
0.2883354
0.2818974
0.3099176
0.2561528
0.2185336
0.2556067
0.2835729
0.2713958
0.3708246
0.2816577
0.3763901
0.3547194
0.2956850
0.2601770
0.2391510
0.2738547
0.1904872
0.3061667
0.2447053
0.2243426
0.3419375
0.3936479
0.3031620
0.2473383
0.2391698
0.3101030
0.3410868
0.2792691
0.2877814
0.2129569
0.2642723
0.2134391
0.3303150
0.3711465
0.3096943
0.2918373
0.2996745
0.3700726
0.3103095
0.3071158
0.2747386
0.3024495
0.2569331
0.3757642
0.3861871
0.1878341
0.2501142
0.2837753
0.2487619
0.2538284
0.3820063
0.2746587
0.3300756
0.2534867
0.2807690
0.2974063
0.3499589
0.2972620
0.3462583
0.3706723
0.3589006
0.3039420
0.2652312
0.2214150
0.2465465
0.2667259
0.2647436
0.3336235
0.3277697
0.3022989
0.3798763
0.3362221
0.2639406
0.2702646
0.2551552
0.3255021
0.2773194
0.3116258
0.3227062
0.3167037
0.2386426
0.3408200
0.3178806
0.2416313
0.2648092
0.3160818
0.3092344
0.3734951
0.3175400
0.3588551
0.2829429
0.3152631
0.2188562
0.3629870
0.4450712
0.3074081
0.1940549
0.4124309
0.2272722
0.3242503
0.3056803
0.2698311
0.3908179
0.3403290
0.2950471
0.3371035
0.2983465
0.3396698
0.2999387
0.4072051
0.2584796
0.3714495
0.2594478
0.2495701
0.2938994
0.2836299
0.2715381
0.2421662
0.3252564
0.2460258
0.3434477
0.2599180
0.3589298
0.3677839
0.2547605
0.3238981
0.3550273
0.2057278
0.3447384
0.2389031
0.3445398
0.2281904
0.2416313
0.2349413
0.2917937
0.2755257
0.2460419
0.2272239
0.3462583
0.2598454
0.2531807
0.3172257
0.3022975
0.3219984
0.3180213
0.2825993
0.2150947
0.3322506
0.1984948
0.3233968
0.3392877
0.2796449
0.1909340
0.3187050
0.2876825
0.3753925
0.3559120
0.3835856
0.3178161
0.2962749
0.3226849
0.3072268
0.3305194
0.2336026
0.4136888
0.2751692
0.2574028
0.2538902
0.1933098
0.2920626
0.2364791
0.3272012
0.3006838
0.2169584
0.3717245
0.3255021
0.2825114
0.3974096
0.2799010
0.2559443
0.2609135
0.2300428
0.3350181
0.2889690
0.2501168
0.3074585
0.4052220
0.2272722
0.2141120
0.3463689
0.3826461
0.2569595
0.2733446
0.2618844
0.1791389
0.2335313
0.2573103
0.2325942
0.3175747
0.2870420
0.2481285
0.3711068
0.2405654
0.2464422
0.2905189
0.4193497
0.4030563
0.2602518
0.2864380
0.3349296
0.3257599
0.3225014
0.3395600
0.2406115
0.3513727
0.2604352
0.2731559
0.2573831
0.2585442
0.2615016
0.2988759
0.3332803
0.3169189
0.3001025
0.2675657
0.3108279
0.4028533
0.2935277
0.2593718
0.2861044
0.3132883
0.3896934
0.3195546
0.2699323
0.3983705
0.2134525
0.2924584
0.2983200
0.3782626
0.2751024
0.3656763
0.2951473
0.4273493
0.3458783
0.2579237
0.2468460
0.3707766
0.3466861
0.3547057
0.3379251
0.2767325
0.2846693
0.2722607
0.2606168
0.3109441
0.3569747
0.2767325
0.2174272
0.3070245
0.3011884
0.2659890
0.2755257
0.3474379
0.2440109
0.3614209
0.3826249
0.2449078
0.2508773
0.2375303
0.3429500
0.4010934
0.3926193
0.2441061
0.3145585
0.2466936
0.3152631
0.3303725
0.3165862
0.3618146
0.2966210
0.2365552
0.1893060
0.3346352
0.2882903
0.2320146
0.3016568
0.2251537
0.3705987
0.3446660
0.3715843
0.3529063
0.3089771
0.3165100
0.3407619
0.2674459
0.3649696
0.3464556
0.2908955
0.2432529
0.2592593
0.2251846
0.3737409
0.2956253
0.2791260
0.2419203
0.3745627
0.2256466
0.2847002
0.3577007
0.3932407
0.4054867
0.3317975
0.2849624
0.2341922
0.3491066
0.2337950
0.3005856
0.2406635
0.3250092
0.3138156
0.2990890
0.3256989
0.2837232
0.3049307
0.2711001
0.3001587
0.3019187
0.2425936
0.2245927
0.2958201
0.2080726
0.2823281
0.2445937
0.2844461
0.3281498
0.3675960
0.3212222
0.2469316
0.2608656
0.2718987
0.2257686
0.3051702
0.2426313
0.2900041
0.3296945
0.3997757
0.2312242
0.2872056
0.2756785
0.3023756
0.3083392
0.2486325
0.2615016
0.2940633
0.3310024
0.3695834
0.3109374
0.3405229
0.2909093
0.2387783
0.2511476
0.2503470
0.2464896
0.2425292
0.3096276
0.3300574
0.3302470
0.1786540
0.4104601
0.3446260
0.2975269
0.2376757
0.3491281
0.3597727
0.3421378
0.1960696
0.2479808
0.2543510
0.3270870
0.3619362
0.3189346
0.2566971
0.3559182
0.2625029
0.2417507
0.3960234
0.3535555
0.2971134
0.2183928
0.3579743
0.3508984
0.2570661
0.2615694
0.2357848
0.2986693
0.3611590
0.4214644
0.3073131
0.2267640
0.3958965
0.2888923
0.3191475
0.2264893
0.3633995
0.3093364
0.3200955
0.3361258
0.3666574
0.2966537
0.3015111
0.2365552
0.2980942
0.4095944
0.2758749
0.2478568
0.3907769
0.2791201
0.2913226
0.2970820
0.3016863
0.3723465
0.2224093
0.2844019
0.3309303
0.2632606
0.2311928
0.3362495
0.3526525
0.2734568
0.2658038
0.4045315
0.2342809
0.3585978
0.3427534
0.2796399
0.2169976
0.2789494
0.3552532
0.2866268
0.2990278
0.2532955
0.2278097
0.3450863
0.3690120
0.2787198
0.2717484
0.2436165
0.1913926
0.2733772
0.4063022
0.2639406
0.3289362
0.3089234
0.3128507
0.2563817
0.2738729
0.3411677
0.3491890
0.3257599
0.3711465
0.3862737
0.3210209
0.3089712
0.2971193
0.2687258
0.3138387
0.3659489
0.3097714
0.2972793
0.4058529
0.2756240
0.2468779
0.3256404
0.3255021
0.3075551
0.2470830
0.2891113
0.2738547
